0.05 0.42011285 0.64587544 2.8337161 0.15261836 2.1229992 0.22841217 0.96169479 2.0148392 0.40004876 1.0384209 0.52463521 0.93422077 0.69106333 0.30751923 1.2631206 0.29106654 0.83533116 0.73663802 0.18000852 1.053371 0.28511483 1.1108796 0.1430691 0.69948385 2.672126 0.27781032 1.829755 0.30394125 1.1931834 2.4979566
0.1 0.21216167 0.32620019 1.4220986 0.077114245 1.0673441 0.11539003 0.48524716 1.0132249 0.20237712 0.52379524 0.26507672 0.47136794 0.34903465 0.15541466 0.63729289 0.14705489 0.42188093 0.37214606 0.09103315 0.53116425 0.14412283 0.5599171 0.072295449 0.35336063 1.3412238 0.14037862 0.9203142 0.15351999 0.60215821 1.2554509
0.15 0.14311894 0.21996663 0.95251622 0.051994849 0.71637334 0.077825104 0.32696017 0.68018762 0.1366319 0.35280012 0.17882425 0.31757743 0.23540596 0.10492779 0.42919347 0.099188811 0.28444135 0.25102228 0.061442715 0.35764823 0.097215248 0.37692446 0.048748158 0.23830974 0.89861566 0.094670678 0.61820538 0.10361942 0.40553585 0.84196614
0.2 0.10878423 0.16716903 0.71847303 0.03950922 0.5416464 0.059139274 0.2481908 0.51447599 0.10388825 0.26777166 0.13587211 0.24108724 0.17888191 0.07974359 0.32561948 0.075375136 0.2160707 0.19073526 0.046697293 0.27138787 0.073896325 0.28590418 0.037020338 0.1811058 0.67824799 0.071946761 0.46778576 0.078730989 0.30773831 0.63584668
0.25 0.094988102 0.14266274 0.57883247 0.035957038 0.43738747 0.052675217 0.20416464 0.41571728 0.090638295 0.21886733 0.11800454 0.19883679 0.15180431 0.070001447 0.26384866 0.066627994 0.17999386 0.16056808 0.042090175 0.2215627 0.065371848 0.23240951 0.033976459 0.15338556 0.54671042 0.063542612 0.37820256 0.069367566 0.24933979 0.51264024
0.3 0.080519851 0.12082173 0.48644527 0.030463993 0.36856978 0.044652939 0.17258543 0.35044996 0.076763804 0.18494813 0.099926747 0.16810734 0.12851718 0.059358046 0.22299816 0.056513483 0.15224495 0.13593427 0.035655586 0.18727419 0.055389076 0.19637585 0.028800469 0.1298233 0.45963991 0.053873819 0.31902873 0.058834596 0.21078661 0.43121953
0.35 0.070317592 0.10545668 0.42086692 0.026623702 0.31999987 0.038994094 0.1503844 0.30438053 0.066970084 0.16110262 0.087169781 0.14652335 0.11211567 0.051860441 0.19420251 0.049371582 0.13268573 0.1185187 0.031145696 0.16307355 0.048399449 0.17100164 0.025147234 0.11323803 0.39817945 0.047081032 0.27732013 0.051412922 0.18354194 0.37347464
0.4 0.062779219 0.094187471 0.37235045 0.023764522 0.28408461 0.03484939 0.13401232 0.27044129 0.059672969 0.14355287 0.07770655 0.13060717 0.10007807 0.046310967 0.17296647 0.044098879 0.11830566 0.10571264 0.027796834 0.14531136 0.043193245 0.15246284 0.022407666 0.10104944 0.35257729 0.042042709 0.24662497 0.045925351 0.16348525 0.3306142
0.45 0.057135857 0.085631635 0.33524097 0.021593765 0.2567513 0.031713295 0.12160192 0.24454622 0.054140873 0.13020819 0.070560672 0.11856279 0.09098862 0.042136727 0.15680968 0.040130583 0.1073593 0.096029119 0.02524437 0.13182323 0.039302942 0.13851907 0.020409155 0.091840761 0.31777516 0.038263821 0.22331216 0.041796191 0.1481882 0.29782891
0.5 0.052784183 0.079048311 0.30614066 0.019947073 0.2355346 0.029324736 0.11201133 0.22450124 0.04985946 0.11988815 0.065011881 0.10926249 0.083919641 0.038938208 0.1442876 0.037102119 0.098917625 0.088520842 0.023313469 0.12148084 0.036278565 0.1278331 0.01886188 0.084671976 0.29058667 0.035366884 0.20525845 0.038642723 0.13635906 0.27218582
0.55 0.049435925 0.073972305 0.28297972 0.018684627 0.21885839 0.027472891 0.10453155 0.20878815 0.046502085 0.11203843 0.060693417 0.10200595 0.078503599 0.036499966 0.13448277 0.034767157 0.092306471 0.08270361 0.021832148 0.11363775 0.033962056 0.11956126 0.017651439 0.079155313 0.26902875 0.033127639 0.19118347 0.036217465 0.12707553 0.2517641
0.6 0.046920486 0.07005986 0.26450719 0.017718387 0.20572473 0.026116087 0.098720372 0.19640914 0.043903574 0.10604518 0.057365006 0.096404693 0.074281066 0.034606049 0.12681883 0.033013593 0.087183757 0.078188766 0.020665737 0.10763338 0.032212789 0.1132425 0.016788118 0.074841715 0.25193416 0.031456485 0.18017864 0.034397269 0.11983813 0.23539879
0.65 0.04503298 0.067141559 0.24973915 0.017017653 0.195502 0.0250858 0.094457825 0.1869074 0.041876233 0.10161028 0.054791517 0.092171428 0.071106982 0.033211183 0.12094968 0.031702442 0.083285662 0.07472093 0.019786316 0.10318196 0.030876025 0.10857081 0.016103479 0.071615777 0.23838797 0.03020155 0.17184086 0.033038401 0.11426458 0.22242361
0.7 0.047841502 0.070227679 0.23821574 0.018865397 0.18794119 0.02730558 0.097919564 0.17986863 0.044242855 0.10438738 0.057445505 0.095967609 0.074326763 0.035610453 0.12125738 0.034339912 0.086593782 0.077655226 0.021734304 0.10610659 0.033348934 0.11097847 0.018068569 0.074603195 0.22793428 0.032651028 0.16603932 0.035641991 0.11540635 0.21227141
0.75 0.047178777 0.069107087 0.22979712 0.018636847 0.18284002 0.026990977 0.095920502 0.17526719 0.043244827 0.10223909 0.056277103 0.094139729 0.073027585 0.035112597 0.11808462 0.03388338 0.084770167 0.076094554 0.021351676 0.10397599 0.032846454 0.10879548 0.017807269 0.073197389 0.22052183 0.032206764 0.16205194 0.035194729 0.11227672 0.20479053
0.8 0.047283679 0.069027801 0.22450656 0.018600966 0.18055424 0.027077754 0.095356678 0.17340557 0.042816131 0.10159717 0.055893533 0.093721379 0.072817069 0.035133989 0.11649538 0.033986004 0.084172719 0.075664824 0.021298655 0.10344172 0.032812932 0.10831882 0.017830932 0.072862972 0.21629143 0.032285857 0.16087811 0.035320001 0.11065371 0.20010889
0.85 0.048491263 0.070506181 0.22338854 0.019033831 0.18195148 0.027794356 0.096756789 0.17518158 0.04324544 0.10303206 0.056661738 0.095288865 0.074195977 0.036013716 0.11696373 0.034871213 0.085283485 0.076789434 0.021705102 0.10507193 0.033545486 0.11007753 0.018323758 0.074071645 0.21615851 0.033097617 0.16340072 0.03627038 0.11105249 0.19905163
0.9 0.055592418 0.079582182 0.22885244 0.022332022 0.19130433 0.0324433 0.10745346 0.1856003 0.048634531 0.11407554 0.063600826 0.10627371 0.083466733 0.041445795 0.12725746 0.040536234 0.094839028 0.085616181 0.025139629 0.11671115 0.038767664 0.12244868 0.021717069 0.082946783 0.22273497 0.038381287 0.17578682 0.04214104 0.12103245 0.2038149
0.95 0.063994817 0.090724086 0.24756454 0.025779884 0.21028565 0.037632723 0.12067191 0.20433131 0.053871748 0.12799056 0.071105853 0.11988643 0.094542896 0.047624349 0.1396107 0.046830882 0.10603401 0.096095505 0.028581427 0.13159855 0.044231695 0.13840785 0.025219913 0.093448562 0.24335878 0.044287349 0.19458175 0.048712059 0.13256631 0.2194146
