         0         0    0.4483    1.0000    0.5517
         0         0    0.6897    0.6897    0.7241
         0         0    0.9310    0.8966    0.3793
         0         0    0.3793    0.5172    0.9310
         0         0    0.1379    0.9310    0.8276
         0         0    0.1724    0.2414    1.0000
         0         0    0.1034    0.5862    0.3103
         0         0         0    0.7241    0.4828
         0         0    0.7241    0.9655    0.2414
         0         0    0.4138    0.1724    0.0345
         0         0    0.7586    0.1379    0.8966
         0         0    0.6552    0.2069    0.3448
         0         0    0.5172    0.3448    0.7931
         0         0    0.7931    0.5517    0.5862
         0         0    0.0345    0.3793    0.1379
         0         0    0.9655    0.6207    0.8621
         0         0    0.2069    0.4483    0.4138
         0         0    0.4828    0.6552    0.2069
         0         0    0.3448    0.7931    0.6552
         0         0    0.2414    0.8621    0.1034
         0         0    0.5862    0.8276    0.9655
         0         0    0.2759    0.0345    0.7586
         0         0    1.0000    0.2759    0.5172
         0         0    0.8966    0.4138    0.6897
         0         0    0.8276    0.7586         0
         0         0    0.8621    0.0690    0.1724
         0         0    0.6207    0.4828    0.0690
         0         0    0.0690    0.1034    0.6207
         0         0    0.3103    0.3103    0.2759
         0         0    0.5517         0    0.4483
    0.2000    0.4000    0.4483    1.0000    0.5517
    0.2000    0.4000    0.6897    0.6897    0.7241
    0.2000    0.4000    0.9310    0.8966    0.3793
    0.2000    0.4000    0.3793    0.5172    0.9310
    0.2000    0.4000    0.1379    0.9310    0.8276
    0.2000    0.4000    0.1724    0.2414    1.0000
    0.2000    0.4000    0.1034    0.5862    0.3103
    0.2000    0.4000         0    0.7241    0.4828
    0.2000    0.4000    0.7241    0.9655    0.2414
    0.2000    0.4000    0.4138    0.1724    0.0345
    0.2000    0.4000    0.7586    0.1379    0.8966
    0.2000    0.4000    0.6552    0.2069    0.3448
    0.2000    0.4000    0.5172    0.3448    0.7931
    0.2000    0.4000    0.7931    0.5517    0.5862
    0.2000    0.4000    0.0345    0.3793    0.1379
    0.2000    0.4000    0.9655    0.6207    0.8621
    0.2000    0.4000    0.2069    0.4483    0.4138
    0.2000    0.4000    0.4828    0.6552    0.2069
    0.2000    0.4000    0.3448    0.7931    0.6552
    0.2000    0.4000    0.2414    0.8621    0.1034
    0.2000    0.4000    0.5862    0.8276    0.9655
    0.2000    0.4000    0.2759    0.0345    0.7586
    0.2000    0.4000    1.0000    0.2759    0.5172
    0.2000    0.4000    0.8966    0.4138    0.6897
    0.2000    0.4000    0.8276    0.7586         0
    0.2000    0.4000    0.8621    0.0690    0.1724
    0.2000    0.4000    0.6207    0.4828    0.0690
    0.2000    0.4000    0.0690    0.1034    0.6207
    0.2000    0.4000    0.3103    0.3103    0.2759
    0.2000    0.4000    0.5517         0    0.4483
    0.4000    0.4000    0.4483    1.0000    0.5517
    0.4000    0.4000    0.6897    0.6897    0.7241
    0.4000    0.4000    0.9310    0.8966    0.3793
    0.4000    0.4000    0.3793    0.5172    0.9310
    0.4000    0.4000    0.1379    0.9310    0.8276
    0.4000    0.4000    0.1724    0.2414    1.0000
    0.4000    0.4000    0.1034    0.5862    0.3103
    0.4000    0.4000         0    0.7241    0.4828
    0.4000    0.4000    0.7241    0.9655    0.2414
    0.4000    0.4000    0.4138    0.1724    0.0345
    0.4000    0.4000    0.7586    0.1379    0.8966
    0.4000    0.4000    0.6552    0.2069    0.3448
    0.4000    0.4000    0.5172    0.3448    0.7931
    0.4000    0.4000    0.7931    0.5517    0.5862
    0.4000    0.4000    0.0345    0.3793    0.1379
    0.4000    0.4000    0.9655    0.6207    0.8621
    0.4000    0.4000    0.2069    0.4483    0.4138
    0.4000    0.4000    0.4828    0.6552    0.2069
    0.4000    0.4000    0.3448    0.7931    0.6552
    0.4000    0.4000    0.2414    0.8621    0.1034
    0.4000    0.4000    0.5862    0.8276    0.9655
    0.4000    0.4000    0.2759    0.0345    0.7586
    0.4000    0.4000    1.0000    0.2759    0.5172
    0.4000    0.4000    0.8966    0.4138    0.6897
    0.4000    0.4000    0.8276    0.7586         0
    0.4000    0.4000    0.8621    0.0690    0.1724
    0.4000    0.4000    0.6207    0.4828    0.0690
    0.4000    0.4000    0.0690    0.1034    0.6207
    0.4000    0.4000    0.3103    0.3103    0.2759
    0.4000    0.4000    0.5517         0    0.4483
    0.6000    1.0000    0.4483    1.0000    0.5517
    0.6000    1.0000    0.6897    0.6897    0.7241
    0.6000    1.0000    0.9310    0.8966    0.3793
    0.6000    1.0000    0.3793    0.5172    0.9310
    0.6000    1.0000    0.1379    0.9310    0.8276
    0.6000    1.0000    0.1724    0.2414    1.0000
    0.6000    1.0000    0.1034    0.5862    0.3103
    0.6000    1.0000         0    0.7241    0.4828
    0.6000    1.0000    0.7241    0.9655    0.2414
    0.6000    1.0000    0.4138    0.1724    0.0345
    0.6000    1.0000    0.7586    0.1379    0.8966
    0.6000    1.0000    0.6552    0.2069    0.3448
    0.6000    1.0000    0.5172    0.3448    0.7931
    0.6000    1.0000    0.7931    0.5517    0.5862
    0.6000    1.0000    0.0345    0.3793    0.1379
    0.6000    1.0000    0.9655    0.6207    0.8621
    0.6000    1.0000    0.2069    0.4483    0.4138
    0.6000    1.0000    0.4828    0.6552    0.2069
    0.6000    1.0000    0.3448    0.7931    0.6552
    0.6000    1.0000    0.2414    0.8621    0.1034
    0.6000    1.0000    0.5862    0.8276    0.9655
    0.6000    1.0000    0.2759    0.0345    0.7586
    0.6000    1.0000    1.0000    0.2759    0.5172
    0.6000    1.0000    0.8966    0.4138    0.6897
    0.6000    1.0000    0.8276    0.7586         0
    0.6000    1.0000    0.8621    0.0690    0.1724
    0.6000    1.0000    0.6207    0.4828    0.0690
    0.6000    1.0000    0.0690    0.1034    0.6207
    0.6000    1.0000    0.3103    0.3103    0.2759
    0.6000    1.0000    0.5517         0    0.4483
    1.0000    0.9000    0.4483    1.0000    0.5517
    1.0000    0.9000    0.6897    0.6897    0.7241
    1.0000    0.9000    0.9310    0.8966    0.3793
    1.0000    0.9000    0.3793    0.5172    0.9310
    1.0000    0.9000    0.1379    0.9310    0.8276
    1.0000    0.9000    0.1724    0.2414    1.0000
    1.0000    0.9000    0.1034    0.5862    0.3103
    1.0000    0.9000         0    0.7241    0.4828
    1.0000    0.9000    0.7241    0.9655    0.2414
    1.0000    0.9000    0.4138    0.1724    0.0345
    1.0000    0.9000    0.7586    0.1379    0.8966
    1.0000    0.9000    0.6552    0.2069    0.3448
    1.0000    0.9000    0.5172    0.3448    0.7931
    1.0000    0.9000    0.7931    0.5517    0.5862
    1.0000    0.9000    0.0345    0.3793    0.1379
    1.0000    0.9000    0.9655    0.6207    0.8621
    1.0000    0.9000    0.2069    0.4483    0.4138
    1.0000    0.9000    0.4828    0.6552    0.2069
    1.0000    0.9000    0.3448    0.7931    0.6552
    1.0000    0.9000    0.2414    0.8621    0.1034
    1.0000    0.9000    0.5862    0.8276    0.9655
    1.0000    0.9000    0.2759    0.0345    0.7586
    1.0000    0.9000    1.0000    0.2759    0.5172
    1.0000    0.9000    0.8966    0.4138    0.6897
    1.0000    0.9000    0.8276    0.7586         0
    1.0000    0.9000    0.8621    0.0690    0.1724
    1.0000    0.9000    0.6207    0.4828    0.0690
    1.0000    0.9000    0.0690    0.1034    0.6207
    1.0000    0.9000    0.3103    0.3103    0.2759
    1.0000    0.9000    0.5517         0    0.4483
