1 0.2241 0.4592 0.5966 0.331 0.2759
2 0.3448 0.416 0.7517 0.4345 0.3621
3 0.4655 0.4906 0.4414 0.2276 0.1897
4 0.1897 0.211 0.9379 0.5586 0.4655
5 0.069 0.3605 0.8448 0.4966 0.4138
6 0.0862 0.0384 1 0.6 0.5
7 0.0517 0.1454 0.3793 0.1862 0.1552
8 0 0.1836 0.5345 0.2897 0.2414
9 0.3621 0.4836 0.3172 0.1448 0.1207
10 0.2069 0.0612 0.131 0.0207 0.0172
11 0.3793 0.1395 0.9069 0.5379 0.4483
12 0.3276 0.1395 0.4103 0.2069 0.1724
13 0.2586 0.164 0.8138 0.4759 0.3966
14 0.3966 0.388 0.6276 0.3517 0.2931
15 0.0172 0.0488 0.2241 0.0828 0.069
16 0.4828 0.4512 0.8759 0.5172 0.431
17 0.1034 0.112 0.4724 0.2483 0.2069
18 0.2414 0.336 0.2862 0.1241 0.1034
19 0.1724 0.3605 0.6897 0.3931 0.3276
20 0.1207 0.3605 0.1931 0.0621 0.0517
21 0.2931 0.4388 0.969 0.5793 0.4828
22 0.1379 0.0164 0.7828 0.4552 0.3793
23 0.5 0.3164 0.5655 0.3103 0.2586
24 0.4483 0.3546 0.7207 0.4138 0.3448
25 0.4138 0.4616 0.1 0 0
26 0.431 0.1395 0.2552 0.1034 0.0862
27 0.3103 0.289 0.1621 0.0414 0.0345
28 0.0345 0.0094 0.6586 0.3724 0.3103
29 0.1552 0.084 0.3483 0.1655 0.1379
30 0.2759 0.0408 0.5034 0.269 0.2241
31 0.3241 0.4892 0.7966 0.3979 0.4273
32 0.4448 0.446 0.9517 0.5222 0.5135
33 0.5655 0.5206 0.6414 0.2735 0.3411
34 0.2897 0.241 1.1379 0.6714 0.617
35 0.169 0.3905 1.0448 0.5968 0.5653
36 0.1862 0.0684 1.2 0.7212 0.6515
37 0.1517 0.1754 0.5793 0.2238 0.3066
38 0.1 0.2136 0.7345 0.3482 0.3928
39 0.4621 0.5136 0.5172 0.1741 0.2722
40 0.3069 0.0912 0.331 0.0249 0.1687
41 0.4793 0.1695 1.1069 0.6466 0.5997
42 0.4276 0.1695 0.6103 0.2487 0.3239
43 0.3586 0.194 1.0138 0.572 0.548
44 0.4966 0.418 0.8276 0.4228 0.4446
45 0.1172 0.0788 0.4241 0.0995 0.2204
46 0.5828 0.4812 1.0759 0.6217 0.5825
47 0.2034 0.142 0.6724 0.2984 0.3584
48 0.3414 0.366 0.4862 0.1492 0.2549
49 0.2724 0.3905 0.8897 0.4725 0.4791
50 0.2207 0.3905 0.3931 0.0746 0.2032
51 0.3931 0.4688 1.169 0.6963 0.6342
52 0.2379 0.0464 0.9828 0.5471 0.5308
53 0.6 0.3464 0.7655 0.373 0.4101
54 0.5483 0.3846 0.9207 0.4974 0.4963
55 0.5138 0.4916 0.3 0 0.1515
56 0.531 0.1695 0.4552 0.1243 0.2377
57 0.4103 0.319 0.3621 0.0497 0.186
58 0.1345 0.0394 0.8586 0.4476 0.4618
59 0.2552 0.114 0.5483 0.1989 0.2894
60 0.3759 0.0708 0.7034 0.3233 0.3756
61 0.4241 0.5192 0.9966 0.3979 0.4273
62 0.5448 0.476 1.1517 0.5222 0.5135
63 0.6655 0.5506 0.8414 0.2735 0.3411
64 0.3897 0.271 1.3379 0.6714 0.617
65 0.269 0.4205 1.2448 0.5968 0.5653
66 0.2862 0.0984 1.4 0.7212 0.6515
67 0.2517 0.2054 0.7793 0.2238 0.3066
68 0.2 0.2436 0.9345 0.3482 0.3928
69 0.5621 0.5436 0.7172 0.1741 0.2722
70 0.4069 0.1212 0.531 0.0249 0.1687
71 0.5793 0.1995 1.3069 0.6466 0.5997
72 0.5276 0.1995 0.8103 0.2487 0.3239
73 0.4586 0.224 1.2138 0.572 0.548
74 0.5966 0.448 1.0276 0.4228 0.4446
75 0.2172 0.1088 0.6241 0.0995 0.2204
76 0.6828 0.5112 1.2759 0.6217 0.5825
77 0.3034 0.172 0.8724 0.2984 0.3584
78 0.4414 0.396 0.6862 0.1492 0.2549
79 0.3724 0.4205 1.0897 0.4725 0.4791
80 0.3207 0.4205 0.5931 0.0746 0.2032
81 0.4931 0.4988 1.369 0.6963 0.6342
82 0.3379 0.0764 1.1828 0.5471 0.5308
83 0.7 0.3764 0.9655 0.373 0.4101
84 0.6483 0.4146 1.1207 0.4974 0.4963
85 0.6138 0.5216 0.5 0 0.1515
86 0.631 0.1995 0.6552 0.1243 0.2377
87 0.5103 0.349 0.5621 0.0497 0.186
88 0.2345 0.0694 1.0586 0.4476 0.4618
89 0.3552 0.144 0.7483 0.1989 0.2894
90 0.4759 0.1008 0.9034 0.3233 0.3756
91 0.5241 0.5492 1.1966 0.5517 0.7759
92 0.6448 0.506 1.3517 0.7241 0.8621
93 0.7655 0.5806 1.0414 0.3793 0.6897
94 0.4897 0.301 1.5379 0.931 0.9655
95 0.369 0.4505 1.4448 0.8276 0.9138
96 0.3862 0.1284 1.6 1 1
97 0.3517 0.2354 0.9793 0.3103 0.6552
98 0.3 0.2736 1.1345 0.4828 0.7414
99 0.6621 0.5736 0.9172 0.2414 0.6207
100 0.5069 0.1512 0.731 0.0345 0.5172
101 0.6793 0.2295 1.5069 0.8966 0.9483
102 0.6276 0.2295 1.0103 0.3448 0.6724
103 0.5586 0.254 1.4138 0.7931 0.8966
104 0.6966 0.478 1.2276 0.5862 0.7931
105 0.3172 0.1388 0.8241 0.1379 0.569
106 0.7828 0.5412 1.4759 0.8621 0.931
107 0.4034 0.202 1.0724 0.4138 0.7069
108 0.5414 0.426 0.8862 0.2069 0.6034
109 0.4724 0.4505 1.2897 0.6552 0.8276
110 0.4207 0.4505 0.7931 0.1034 0.5517
111 0.5931 0.5288 1.569 0.9655 0.9828
112 0.4379 0.1064 1.3828 0.7586 0.8793
113 0.8 0.4064 1.1655 0.5172 0.7586
114 0.7483 0.4446 1.3207 0.6897 0.8448
115 0.7138 0.5516 0.7 0 0.5
116 0.731 0.2295 0.8552 0.1724 0.5862
117 0.6103 0.379 0.7621 0.069 0.5345
118 0.3345 0.0994 1.2586 0.6207 0.8103
119 0.4552 0.174 0.9483 0.2759 0.6379
120 0.5759 0.1308 1.1034 0.4483 0.7241
121 0.7241 0.6092 1.5966 0.5469 0.7649
122 0.8448 0.566 1.7517 0.7178 0.8511
123 0.9655 0.6406 1.4414 0.376 0.6787
124 0.6897 0.361 1.9379 0.9229 0.9545
125 0.569 0.5105 1.8448 0.8203 0.9028
126 0.5862 0.1884 2 0.9912 0.989
127 0.5517 0.2954 1.3793 0.3076 0.6442
128 0.5 0.3336 1.5345 0.4785 0.7304
129 0.8621 0.6336 1.3172 0.2393 0.6097
130 0.7069 0.2112 1.131 0.0342 0.5063
131 0.8793 0.2895 1.9069 0.8887 0.9373
132 0.8276 0.2895 1.4103 0.3418 0.6614
133 0.7586 0.314 1.8138 0.7861 0.8856
134 0.8966 0.538 1.6276 0.5811 0.7821
135 0.5172 0.1988 1.2241 0.1367 0.558
136 0.9828 0.6012 1.8759 0.8545 0.92
137 0.6034 0.262 1.4724 0.4102 0.6959
138 0.7414 0.486 1.2862 0.2051 0.5925
139 0.6724 0.5105 1.6897 0.6494 0.8166
140 0.6207 0.5105 1.1931 0.1025 0.5407
141 0.7931 0.5888 1.969 0.957 0.9718
142 0.6379 0.1664 1.7828 0.752 0.8683
143 1 0.4664 1.5655 0.5127 0.7476
144 0.9483 0.5046 1.7207 0.6836 0.8338
145 0.9138 0.6116 1.1 0 0.489
146 0.931 0.2895 1.2552 0.1709 0.5752
147 0.8103 0.439 1.1621 0.0684 0.5235
148 0.5345 0.1594 1.6586 0.6152 0.7994
149 0.6552 0.234 1.3483 0.2734 0.6269
150 0.7759 0.1908 1.5034 0.4443 0.7132
