0.2 0.0236220941213487 0.094492788353528 0.393696458214386 0.716523620124206 0.803160105336845 0.0393537034074548 0.322841514594238 0.1811 0.0555555555555573
0.6 0.0787393711143759 0.188970599248131 0.93700569623885 0.488189937896867 0.0315010500350011 0.527549877733848 0.141745650021219 0.8031 0.370000000000001
1 0.0314960758833709 0.330687315590037 0.740157736938286 0.00786755983532206 0.307060235341178 0.401581461251914 0.763780827085396 0.00790000000000027 0.771111111111113
0 0.102362507082699 0.40154567376099 0.149613859036592 0.519677621938455 0.196848228274276 0.740155860776561 0.614183995850427 0.5276 0.150000000000004
0.9 0.062992598272588 0.566881842826546 0.771662280781283 0.228351126927639 0.69290643021434 0.141737322028475 0.0314990333380488 0.7087 0.66111111111111
0.7 0.094489120661805 0.684994083903725 0.543309777637721 0.803223780615449 0.472399079969332 0.858262677971524 0.393714339604848 0.4803 0.944444444444443
0.4 0.110235893503593 0.8581634639867 0.0236222947293246 0.889749494103691 0.566902230074336 0.90550083415225 0.937025510444665 0.3386 0.614444444444443
0.3 0.118109279924487 0.889765902317013 0.346461818337157 0.267706370804550 0.921247374912497 0.26770573851041 0.692931579195549 0.9764 0.410000000000002
0.8 0.149605802313704 0.0236194527236509 0.0866151200979896 0.566848091549787 0.488149604986833 0.614164590808328 0.464563587494695 0.5906 0
0.7 0.125985643051022 0.149594859736097 0.32283710643612 0.110233061196009 0.74799159971999 0.0944763123614507 0.0078747583345122 0.0865999999999999 0.29111111111111
0.5 0.244095369481355 0.283448410142735 0.795272208757475 0.393691996371502 0.960582019400647 0.677171652535594 0.732281793747348 0.811 0.87444444444445
0.3 0.165355551861133 0.433043269878832 0.535429945695761 0.69297327471914 0.543318110603687 0.417327513312156 1 0.196800000000000 0.173333333333330
0.2 0.236221983060461 0.614135725732772 0.6535387212761 0.283458935175494 0.0551185039501316 0.787394016957287 0.220469656245579 1 0.645555555555555
0.5 0.133859029471916 0.724354845956835 0.133858630330125 0.905449724373735 0.866162205406847 0.149598921315447 0.338591031263262 0.3701 0.992222222222222
1 0.212598847092138 0.80309134752198 0.464570593917496 0.834624241155537 0.157480249341645 0.291336243343922 0.574810204177866 0.4724 0.558888888888886
0.1 0.220472233513032 0.968397561669687 0.960630408139887 0.244086246598283 0.267725590853028 0.889754782092008 0.842528410430518 0.7402 0.433333333333336
0 0.370069552215659 0.0866146449593362 0.362206698296233 0.968425092456911 0.259808660288676 0.456681216719611 0.212594897911067 0.4882 0.157777777777782
0.9 0.259845119028784 0.141731693800830 0.0157483763573020 0.322831623752704 0.220465682189406 0.685033251822565 0.283467722921677 0.7165 0.795555555555559
0.6 0.307082460848507 0.354306768313688 0.551189609579682 0.165358314144163 0.873995799859996 0.0551226089539959 0.527561654170793 0.8819 0.338888888888889
0.1 0.338576006532083 0.496023484655593 0.811031872641396 0.779498988207382 0.039367978932631 0.566926434627602 0.874027443768567 0.2992 0.0477777777777794
0.3 0.362211049322971 0.535399224167628 0.188983450896705 0.0866129369897424 0.535401180039335 0.968507895879516 0.48031310416372 0.8189 0.448888888888892
0.4 0.283465278291466 0.708613536627376 0.72441285697921 0.57487265368781 0.976332544418147 0.299197842630893 0.102371858348658 0.1339 0.504444444444449
0.7 0.322829233690295 0.76373058546887 0.992134951982884 0.748098527667295 0.67715590519684 0.220467582329684 0.653557787522988 0.5118 1
0.9 0.330717503639395 1 0.480315473876572 0.409444560742446 0.496066535551185 0.803140069017529 0.976375724996463 0.0709000000000001 0.629999999999999
0.3 0.417309870741023 0.00787814339419172 0.952765360122771 0.826774126020515 0.929080969365646 0.62991064286857 0.0629980666760975 0.307100000000000 0.228888888888887
0.5 0.393704595006547 0.204711908577591 0.409456122098306 0.141720745237597 0.590569685656189 0.496057773613365 0.377964822935823 0.8976 0.755555555555557
0.7 0.472438459215486 0.267707100813276 0.165358738995669 0.291343939711116 0.425147504916830 0.622049043581598 0.992125241665488 0.7323 0.362222222222223
0.8 0.433086410639222 0.448784579208291 0.700788145078173 0.929174516781802 0.645654855161839 0.023607651347213 0.708657518743811 0.4409 0.0388888888888893
0 0.385816325057447 0.590516273009121 0.559054657596798 0.472437373525923 0.173222440748025 0.322828347464406 0.33071627292875 0.0945000000000001 0.464444444444447
0.9 0.425198140690122 0.692857249838992 0.834656584542432 0.677098597446096 0.275559185306177 0.921269739698791 0.133870891686707 0.5591 0.512222222222227
0.5 0.44094491353191 0.771593751404137 0.338581986395197 0.503942502267811 0.00787526250875024 0.842516625911283 0.771655585419909 0.212600000000000 0.913333333333339
0.2 0.377957822164759 0.929006844698729 0.078741201725967 0.0551078082478543 0.795243174772492 0.188975478209201 0.598434479181403 0.8504 0.637777777777777
0.8 0.551172323424426 0.0629951922356853 0.598424249456911 0.204713558021073 0.881829394313144 0.204721530269443 0.236219172914604 0.0551000000000003 0.58222222222222
0.8 0.535425550582638 0.18109245585394 0.779527328798399 0.874049263833647 0.62207073569119 0.834655026624311 0.354340547932287 0.5669 0.377777777777779
0.3 0.590554139057102 0.275570266748544 0.275587682634047 0.952724862186868 0.464565485516184 0.897639234865279 0.551185929174329 0.2047 0.732222222222224
0.4 0.543313820531738 0.480282175326134 0.00787401446753407 0.354336752494592 0.700740024667489 0.283451790570652 0.755906068750884 0.8425 0.928888888888887
0.6 0.582665869108002 0.527521080773436 0.913395768262658 0.661398367176052 0.181097703256775 0 0.425213372942896 0.3622 0.803333333333337
0.2 0.60630091189889 0.747974298680486 0.456690761975535 0.417329565278068 0.31497716590553 0.606302991521357 0 0.9843 0.181111111111108
0 0.574807366215314 0.82671080024563 0.244097922715894 0.0314876840415882 0.0157505250175006 0.472427268779852 0.645683029188476 0.6378 0.071111111111113
1 0.52756704768995 0.897554180957659 0.66141855321806 0.543297746144721 0.771659055301843 0.669287199762324 0.968500966661951 0.4016 0.267777777777776
0.6 0.724416591740505 0.0157562867883835 0.125984711958103 0.370071872165236 0.330727690923031 0.811024521790799 0.0236242750035366 0.8346 0.598888888888888
0.1 0.740163364582293 0.165351146524481 0.645673673258984 0.984299769729956 0.244058135271176 0.228352035102955 0.440962889611921 0.126000000000000 0.385555555555556
0 0.732275094633193 0.251950814024892 0.94488552818081 0.755948642802317 0.755908530284343 0.346458852297918 0.929150752110153 0.5984 0.685555555555556
1 0.677176273215141 0.377926221037339 0.472450425859456 0.149605749773219 0.0708690289676323 0.881893182805037 0.669307304192012 0.0156999999999997 0.882222222222228
0.7 0.645682727531565 0.519642937379244 0.31495727449416 0.551147861279743 0.559068635621187 0.582672486687844 0.291342481256189 0.4567 0.857777777777782
0.9 0.708669818898717 0.700735393233184 0.102362956842035 0.0629928127834763 0.897579919330644 0.0157460520602418 0.173244683359268 0.6535 0.196666666666663
0.3 0.748021867474981 0.818832656851439 0.527564897678645 0.456684809154979 0.71649054968499 0.72440980871632 0.795279860423445 0.9055 0.0633333333333351
0.4 0.637794457582466 0.936944897928617 0.787407160740359 0.629997906635964 0.409480316010534 0.409443060538885 0.606309237515915 0.330700000000000 0.346666666666667
0.5 0.84253227158212 0.0393757395120344 0.73229268892117 0.0157525643709441 0.393729790993033 0.929131338985762 0.267718206252653 0.9528 0.890000000000005
0.3 0.83464400163302 0.22045321790705 0.141732548702148 0.606273114227898 0.724407480249342 0.259844139223439 0.188994200028293 0.2677 0.701111111111112
0.8 0.874025817265696 0.322809172195845 0.417321170115422 0.708673504989184 0.913330444348145 0.157483374088717 0.81102937709247 0.4252 0.393333333333334
0.7 0.818897228791233 0.425165126484641 0.929140648221734 0.377956876700858 0.519650655021834 0.850401078684553 0.622058754184939 0.6457 0.566666666666664
1 0.763768640316769 0.543262390102895 0.0629918865894375 0.88189937896867 0.110237007900263 0.440935164659369 0.0944971000141463 0.6063 0.323333333333334
0 0.826785498740333 0.669237797115341 0.354326866354273 0.275591375340172 0.779492649754992 0.732271408003291 0.385839581270335 0.0315000000000003 0.102222222222224
0.2 0.771656910265869 0.78735003819252 0.803152040699435 0.188978438350429 0.125979199306644 0.0314921041204836 0.88190220210308 0.7638 0.212222222222219
0.6 0.779545180214969 0.881827849087124 0.614169129415987 0.866199148698625 0.346478215940531 0.551180382567361 0.724407035412836 0.1417 0.842222222222226
1 0.968506454316424 0.0787365015651445 0.818896920658512 0.42519712511339 0.850411680389346 0.338574399524647 0.433088131277409 0.685 0.968888888888889
0 0.881884320158385 0.173214312459748 0.566934489538758 0.73222385039425 0.0944864828827627 0.976369495166488 0.0708728250106098 0.378 0.653333333333333
0.1 0.976394724265524 0.291326553536927 0.0393701314733697 0.582722768822832 0.299226640888030 0.795278469730557 0.685056820861037 0.283500000000000 0.495555555555559
0.6 0.897631093000173 0.488160318720326 0.330716938378081 0.0787453771544205 0.141729724324144 0.133852869255205 0.889776960437591 0.9606 0.520000000000005
0.4 0.960618184367324 0.58263812961493 0.425201002057383 0.763798757937338 0.653488449614987 0.692917704595836 0.125996133352195 0.2283 0.259999999999998
0.3 0.92126613579106 0.677115940509533 1 0.181093433814807 0.385812860428681 0.393697008478643 0.346465789597774 0.8583 0.110000000000002
0.9 0.992141497107312 0.850375185346054 0.748037568880246 0.259838810969227 0.582652755091836 0.535434330507119 0.511812137501768 0.110200000000000 0.219999999999997
0.7 0.889772590107484 0.952671229799153 0.196848498913821 1 0.992083069435648 0.0472381561807253 0.779530343754421 0.5354 0.780000000000003
1 0.070865984693482 0.102355954288795 0.881891224419661 0.511810062103133 0.614153805126838 0.0866147130744795 0.826778893761494 0.9291 0.716666666666668
0.1 0.0472428487251588 0.244087648089625 0.401576290156346 0.0393726885772102 0.905496849894996 0.54329592979409 0.566935445843354 0.315 0.905555555555561
0.2 0.0393694623042649 0.314946006260578 0.236218090773934 0.480304933361245 0.708656955231841 0.488196174326393 0.370090064601311 0.4173 0.622222222222221
0.6 0.086615734240911 0.417301960549373 0.716533025037249 0.740073965529272 0.377979265975532 0.661425600475352 0.228344414580092 0.6614 0.441111111111114
0.5 0 0.559018676891279 0.574799537555874 0.299211499546438 0.322810760358679 0.173229426148959 0.913401235441128 0.5433 0.0866666666666687
0.3 0.00787413059730427 0.629877035062231 0.866146344460585 0.976449654594934 0.204723490783026 0.763786365610074 0.700782760409299 0.0629999999999998 0.283333333333332
0.8 0.0157481123593265 0.834588943639822 0.259842802674971 0.787349103342404 0.834661155371846 0.91338528692552 0.0551233083415854 0.7559 0.82666666666667
0.7 0.055119211851694 0.905492234187548 0.110236875214057 0.125985625566953 0.118112270409014 0.370066503645131 0.472438345829208 0.2441 0.244444444444443
0.5 0.181102324702921 0.0472389054473018 0.299212394535084 0.700823389854162 0.165355511850395 0.511803825673606 0.629933512519451 0.6693 0.724444444444446
0.2 0.204725460671244 0.236209504695433 0.0551179682174149 0.440949689484334 0.35431181039368 0.110222364421693 0.905526477106616 0.4961 0.897777777777783
0.9 0.196849097544709 0.370048077643147 0.503940185777608 0.102365501360687 0.0472432414413814 0.653541147702082 0.40158909793936 0.252 0.606666666666666
0.7 0.14173241589281 0.385804364431531 0.755902616897362 0.590572883957854 0.842494749824994 0.433073565372398 0.0157495166690244 0.9134 0.472222222222225
1 0.157479188734598 0.60625758233858 0.228353042756818 0.220466122392017 0.9842494749825 0.771647964897045 0.535436412505305 0.189000000000000 0.117777777777780
0 0.228345619933926 0.661374631180074 0.685043265119097 0.842474356290559 0.511817060568686 0.165344973375688 0.858277927099543 0.874 0.314444444444444
0.1 0.188975711123815 0.755852442074678 0.976375288098963 0.937024631916824 0.433064435481183 0.314966748177434 0.196845381242043 0.0472 0.850000000000004
0.5 0.173228938282027 0.976335614899576 0.496060353835648 0.251971251133906 0.684989499649988 0.960623443106246 0.275592964587165 0.5748 0.236666666666665
0.5 0.267718505449678 0.118112241077179 0.0944890384700122 0.858349033563603 0.740158005266842 0.425189112599127 0.59055972084689 0.0393999999999998 0.41777777777778
0.1 0.275591891870572 0.125975407012446 0.251962970733011 0.133853185402275 0.401563385446181 0.700779303882807 0.803154618757957 0.5197 0.551111111111108
0 0.299223957955819 0.307067862866386 0.763782448839323 0.314964063917382 0.551151705056835 0.0629842082409671 0.165369925024756 0.149600000000000 0.936666666666665
1 0.346464276481183 0.456662722602483 0.511820017719569 0.944874747051846 0.968498949964999 0.574810887400873 0.251968689583628 0.8268 0.70888888888889
0.7 0.314970730797607 0.511779771443977 0.708667977020133 0.464569813690601 0.810993699789993 0.984253947939758 0.716532277078323 0.3543 0.188888888888885
0.8 0.251968755902249 0.716476702562643 0.220473210814858 0.65354825204103 0.0866112203740124 0.354320451584889 0.952751449992927 0.9685 0.811111111111115
0.4 0.29133866471236 0.810969490916171 0.488195305818532 0.527562626474077 0.37006233541118 0.212583129556414 0.417338614608384 0.6299 0.298888888888888
0.4 0.354322779373871 0.960609283029041 0.905515936320698 0.0472402484125322 0.149604986832894 0.779532417670316 0.0472485500070731 0.3858 0.0155555555555557
0.8 0.488185232057274 0.110234097682987 0.377951578255310 0.913299839508757 0.0236257875262508 0.63779509564184 0.984250483330976 0.8661 0.480000000000003
0.9 0.464579956322798 0.212590051971782 0.921260816279774 0.34645174795897 0.858245274842495 0.480311721553123 0.677182062526524 0.1575 0.53555555555556
0.2 0.496073502006374 0.36218491170788 0.637793841317023 0.236218686762961 0.133854461815394 0.519688278446877 0.039373791672561 0.5039 0.95222222222222
0.4 0.44883318348101 0.440921413273024 0.173223787012785 0.818924010885493 0.362228740958032 0.118106817194963 0.448837647946433 0 0.668888888888889
0.6 0.456691686373698 0.551140533497087 0.858266512518625 0.118100621031331 0.456648554951832 0.36220490435816 0.787405102088933 0.4331 0.125555555555558
0.1 0.409451367848334 0.64561834439169 0.519685065736685 0.598422999092876 0.669238974632488 0.944877391046004 0.559060687508842 0.6929 0.834444444444448
0.1 0.480326729164586 0.795213204127788 0 0.645698136906008 0.952748424947498 0.874008730031766 0.362215306266799 0.9921 0.252222222222221
1 0.401563097899235 0.944882951158507 0.307092226477044 0.448817249319657 0.503900130004334 0.244098087163197 0.244093931249116 0.2913 0.0233333333333336
0.3 0.51967877774085 0.0314975961178426 0.874026176402545 0.307079059381760 0.102361745391513 0.181091025435930 0.582684962512378 0.4646 0.787777777777781
0.4 0.559060593373526 0.196833765183399 0.590559201439795 0.96057497732189 0.787409580319344 0.826770573851041 0.85040316876503 0.748 0.142222222222226
0.7 0.511820274848162 0.259828957419084 0.0472440498453923 0.77164887307236 0.212598753291776 1 0.157495166690244 0.9213 0.0311111111111115
0.9 0.622047684740678 0.464540865996675 0.267722634616931 0.212598562556695 0.338561285376179 0.307082295404164 0.259843447918140 0.2598 0.275555555555554
0 0.59841264194979 0.62199889166804 0.440945882016459 0.535430186309399 0.440898029934331 0.0787302603012089 0.74015655208186 0.7874 0.574444444444442
1 0.61418918184799 0.637755178456423 0.984255120040924 0.0708603726187984 0.73224107470249 0.503942226386635 0.897651718772104 0.2205 0.456666666666669
0.6 0.503932004899062 0.873889795857235 0.629928793299907 0.433064684948713 0.936997899929998 0.377950956418402 0.409463856273872 0.622 0.74777777777778
0.1 0.566919096266214 0.921218566058083 0.157478907053708 0.685123159584118 0.606320210673689 0.645656694928811 0.086622341679634 0.102400000000000 0.984444444444444
0.1 0.661429500373353 0 0.66929838516002 0.196845998185751 0.66140538017934 0.755901912836803 0.96062620832744 0.3228 0.763333333333335
0.9 0.68503477610783 0.228331361301242 0.204728330855782 0.795199218477427 0.480316010533685 0.125968416481934 0.637808270853963 0.937 0.165555555555560
0.5 0.692923046056929 0.346428624919496 0.448825713958419 0.992149884864978 0.574819160638688 0.275590191283680 0.118121375017683 0.7244 0.0788888888888909
0.2 0.669288003266041 0.393682507825722 0.968510240081847 0.330699183588026 0.944831494383146 0.99211554722673 0.456688829160183 0.4488 0.354444444444445
0.2 0.653541230424253 0.574759986220738 0.11811079358608 0.669248482311074 0.818910630354345 0.590556939461115 0.818904135426982 0.0787000000000003 0.527777777777782
0.4 0.716528321791405 0.740096155286294 0.283467514576007 0.496057497732189 0 0.00786159928697124 0.519686895836281 0.5512 0.487777777777781
0.7 0.700781548949617 0.779471894798328 0.842521632559548 0.0236201242062661 0.283476115870529 0.748040313549832 0.314966756259726 0.165400000000000 0.740000000000002
0.8 0.629935954689777 0.992061946770111 0.622048961357947 0.558997976414765 0.236224540818027 0.448819617432639 0.181119441693780 0.7717 0.96111111111111
0.8 0.755910137424081 0.0708733356298771 0.181103618954745 0.401577000907124 0.228340944698157 0.952761843819275 0.834653652096006 0.236200000000000 0.331111111111111
0.8 0.858279044423909 0.157473003130289 0.677163433177136 0.724373735259228 0.291309710323677 0.251959686450168 0.503937379167256 0.7953 0.00777777777777786
0.4 0.811038725898545 0.299189719472194 0.897636104378738 0.621973344497942 0.0629937664588819 0.236213634389926 0.299217239590701 0.118100000000000 0.133333333333336
0.3 0.787403683107657 0.472404031931942 0.433066050074499 0.0944804968250645 0.826744224807494 0.81888612107777 0.204720139576555 0.6142 0.866666666666672
0.1 0.850390774474809 0.598379438944389 0.291347346517968 0.811073895750471 0.889746324877496 0.385812555705373 0.944900268779177 0.7008 0.976666666666666
0.6 0.803150455949445 0.653496487785882 0.07086580496146 0.157473309608541 0.598403280109337 0.708663756656078 0.748031310416372 0.3937 0.693333333333334
0.9 0.795291953056757 0.866101517216589 0.582679369497834 0.338584188123648 0.448814960498683 0.102360765134721 0.078747583345122 0.2756 0.425555555555558
0 0.866137547316597 0.984123893540222 0.826776752600472 0.92132440164678 0.63782126070869 0.598418538748086 0.488187862498232 0.9449 0.589999999999998
0.2 0.937012908632848 0.0551170488414936 0.606304081398871 0 0.527567585586186 0.330712800237676 0.6614325458575 0.5827 0.306666666666666
0.5 0.984253227158212 0.133853550406638 0.850401464501509 0.61412322936292 1 0.937015791759033 0.92127599377564 0.0236 0.0944444444444466
1 0.944871411525536 0.338565458984229 0.370086530238193 0.637848021770986 0.629904330144338 0.866147130744795 0.496062620832744 0.7795 0.204444444444441
0 0.929124638683749 0.409423817155181 0.0314962131013471 0.38582443653618 0.417313910463682 0.196837077496172 0.110246616683171 0.173200000000000 0.818888888888892
0.9 0.905519362949272 0.503901628049785 0.889771056361622 0.897599609238713 0.251975065835528 0.716525355943049 0.543311170839817 0.8898 0.921111111111117
0.6 0.952759681474636 0.732232989351027 0.38583141019727 0.362204312329914 0.188972965765525 0.464565669492881 0.866152685434055 0.3465 0.676666666666666
0.5 0.91337786584196 0.842437132116165 0.212593378872898 0.173225873979485 0.763742124737491 0.559041981854332 0.149620408355732 0.4094 0.401111111111112
0.3 1 0.913280512828194 0.692923097061057 0.85032447142558 0.0787442914763825 0.0708686610142377 0.307091997925213 0.6772 0.543333333333338
