0.933522047747284 5.1519e-06
0.943522047747284 0.000228953
0.943522047747284 0.00103749
0.953522047747284 0.00556644
0.963521047747284 0.00560066
0.973522047747284 0.0054515
0.983522047747284 0.00541071
0.983522047747284 0.00552148
0.993522047747284 0.00565003
1.00352204774728 0.00619521
1.01352204774728 0.00626728
1.02352204774728 0.00656584
1.02352204774728 0.00676253
1.03352204774728 0.00701565
1.04352204774728 0.00748938
1.05352204774728 0.00786706
1.06352204774728 0.00845567
1.06352204774728 0.00886678
1.07352204774728 0.00962282
1.08352204774728 0.0104962
1.09352204774728 0.0119041
1.10352204774728 0.0138562
1.10352204774728 0.0162948
1.11352204774728 0.0179708
1.12352204774728 0.020352
1.13352204774728 0.0232024
1.14352204774728 0.0261941
1.14352204774728 0.0281709
1.15352204774728 0.0289296
1.16352204774728 0.0293533
1.17352204774728 0.0298441
1.18352204774728 0.0302525
1.18352204774728 0.0306927
1.19352204774728 0.0310519
1.20352204774728 0.0310519
1.21352204774728 0.0313386
1.22352204774728 0.0316161
1.22352204774728 0.0316849
1.23352204774728 0.0317346
1.24352204774728 0.0318209
1.25352204774728 0.0317062
1.26352204774728 0.03184
1.26352204774728 0.0319189
1.27352204774728 0.0319964
1.28352204774728 0.0321235
1.29352204774728 0.032165
1.30352204774728 0.032384
1.30352204774728 0.0324533
1.31352204774728 0.0324533
1.32352204774728 0.0326381
1.33352204774728 0.0326563
1.34352204774728 0.0328037
1.34352204774728 0.0327069
1.35352204774728 0.0329138
1.36352204774728 0.0329081
1.37352204774728 0.032983
1.38352204774728 0.0329449
1.38352204774728 0.0328742
1.39352204774728 0.0328409
1.40352204774728 0.0328776
1.41352204774728 0.0329495
1.42352204774728 0.0328776
1.42352204774728 0.0327709
1.43352204774728 0.0328081
1.44352204774728 0.032701
1.45352204774728 0.032911
1.46352204774728 0.0330513
1.46352204774728 0.0330169
1.47352204774728 0.032983
1.48352204774728 0.0331212
1.49352204774728 0.0330181
1.50352204774728 0.0329472
1.50352204774728 0.0329811
1.51352204774728 0.032911
1.52352204774728 0.0329774
1.53352204774728 0.0329425
1.54352204774728 0.0328708
1.54352204774728 0.0328809
1.55352204774728 0.0330155
1.56352204774728 0.0328081
1.57352204774728 0.0329811
1.58352204774728 0.0328776
1.58352204774728 0.0330194
1.59352204774728 0.0330181
1.60352204774728 0.0329472
1.61352204774728 0.0330194
1.62352204774728 0.0330528
1.62352204774728 0.0329165
1.63352204774728 0.0328708
1.64352204774728 0.0328447
1.65352204774728 0.0329472
1.66352204774728 0.0329793
1.66352204774728 0.0330181
1.67352204774728 0.0331216
1.68352204774728 0.0329793
1.69352204774728 0.0328329
1.70352204774728 0.0329774
1.70352204774728 0.0327992
1.71352204774728 0.0328742
1.72352204774728 0.0327659
1.73352204774728 0.0329754
1.74352204774728 0.0327992
1.74352204774728 0.0328037
1.75352204774728 0.0327897
1.76352204774728 0.0328244
1.77352204774728 0.0328329
1.78352204774728 0.0328037
1.78352204774728 0.0330194
1.79352204774728 0.0330169
1.80352204774728 0.0328776
1.81352204774728 0.0329472
1.82352204774728 0.0329449
1.82352204774728 0.0330513
1.83352204774728 0.0329138
1.84352204774728 0.0328742
1.85352204774728 0.0327386
1.86352204774728 0.0325772
1.86352204774728 0.0326693
1.87352204774728 0.0324436
1.88352204774728 0.0321377
1.89352204774728 0.0321785
1.90352204774728 0.0319771
1.90352204774728 0.0319358
1.91352204774728 0.0316131
1.92352204774728 0.0314591
1.93352204774728 0.0311961
1.94352204774728 0.0310432
1.94352204774728 0.0306037
1.95352204774728 0.0305202
1.96352204774728 0.0301492
1.97352204774728 0.029916
1.98352204774728 0.0296901
1.98352204774728 0.0293251
1.99352204774728 0.029231
2.00352204774728 0.0288469
2.01352204774728 0.0285355
2.02352204774728 0.028314
2.02352204774728 0.0279539
2.03352204774728 0.0279198
2.04352204774728 0.027638
2.05352204774728 0.0274961
2.06352204774728 0.0273281
2.06352204774728 0.0270398
2.07352204774728 0.0268203
2.08352204774728 0.0266166
2.09352204774728 0.0264375
2.10352204774728 0.0261773
2.10352204774728 0.0260053
2.11352204774728 0.0256957
2.12352204774728 0.0253316
2.13352204774728 0.0249612
2.14352204774728 0.0247901
2.14352204774728 0.0244168
2.15352204774728 0.0239943
2.16352204774728 0.0237083
2.17352204774728 0.0232848
2.18352204774728 0.0227461
2.18352204774728 0.022457
2.19352204774728 0.0219852
2.20352204774728 0.0215951
2.21352204774728 0.0208993
2.22352204774728 0.0203892
2.22352204774728 0.0199806
2.23352204774728 0.0194162
2.24352204774728 0.0189298
2.25352204774728 0.01815
2.26352204774728 0.0175608
2.26352204774728 0.016893
2.27352204774728 0.0162326
2.28352204774728 0.0162247
