0.05	0.134358	0.148954	0.444849	0.203921	0.294122	0.149105	0.199966	0.269160	0.413805	0.194420	0.313121	0.169726	0.185654	0.179763	0.335867	0.156919	0.256507	0.242869	0.283288	0.160072	0.230989	0.142634	0.176400	0.224404	0.382778	0.165071	0.215818	0.140973	0.355224	0.481065
0.10	0.135106	0.149533	0.444815	0.208513	0.298889	0.145451	0.198879	0.267930	0.403967	0.194296	0.310664	0.169230	0.187059	0.181446	0.329966	0.152612	0.254139	0.245396	0.286097	0.159954	0.231757	0.142864	0.177666	0.225835	0.382550	0.164730	0.213992	0.137258	0.356104	0.480167
0.15	0.135286	0.149515	0.444374	0.210398	0.297677	0.145734	0.201737	0.270317	0.413615	0.193704	0.316279	0.167937	0.187648	0.182118	0.330866	0.157840	0.257444	0.246672	0.286419	0.159252	0.230781	0.142708	0.177250	0.226554	0.382335	0.163210	0.216536	0.137843	0.356302	0.477630
0.20	0.134794	0.148944	0.443707	0.209859	0.299975	0.149666	0.200439	0.269101	0.410774	0.192168	0.319055	0.170856	0.187613	0.181807	0.337191	0.156964	0.253351	0.247132	0.284132	0.157619	0.235947	0.141835	0.174811	0.226684	0.381453	0.165663	0.213642	0.141998	0.355415	0.483270
0.25	0.137764	0.152408	0.442204	0.206116	0.298098	0.147135	0.202495	0.270997	0.414373	0.194720	0.313130	0.172451	0.187084	0.179663	0.336706	0.154286	0.255305	0.246863	0.286338	0.160351	0.231667	0.144784	0.175652	0.226369	0.379304	0.161804	0.215757	0.140326	0.359688	0.480460
0.30	0.135584	0.150712	0.444885	0.206149	0.300044	0.147558	0.199325	0.267479	0.415148	0.195941	0.319912	0.169599	0.185455	0.181624	0.334671	0.155269	0.255412	0.245773	0.285606	0.161921	0.239213	0.142781	0.174071	0.224735	0.382753	0.167033	0.217050	0.141441	0.357842	0.483062
0.35	0.136343	0.152410	0.441832	0.208960	0.301129	0.150326	0.204612	0.268482	0.412883	0.192606	0.317695	0.169588	0.188369	0.181076	0.337220	0.158883	0.260135	0.248678	0.288416	0.163191	0.237651	0.144176	0.175437	0.227465	0.384262	0.165403	0.217580	0.140902	0.359845	0.484028
0.40	0.139947	0.152565	0.443387	0.206995	0.301406	0.150492	0.204479	0.272965	0.414576	0.197384	0.319783	0.172957	0.189532	0.183568	0.338413	0.155503	0.257412	0.249917	0.286363	0.164060	0.238870	0.144769	0.178740	0.228330	0.380483	0.166315	0.216920	0.142809	0.360384	0.484168
0.45	0.141123	0.155498	0.443232	0.213269	0.300659	0.148108	0.201887	0.272748	0.412014	0.196625	0.318872	0.170849	0.192977	0.182464	0.338333	0.159100	0.258916	0.249381	0.285350	0.163868	0.235789	0.147957	0.177496	0.226671	0.385539	0.169183	0.220089	0.143314	0.359610	0.483299
0.50	0.139705	0.155950	0.446267	0.213244	0.303426	0.151671	0.207168	0.274834	0.412057	0.198099	0.320577	0.175708	0.190240	0.183041	0.340735	0.160196	0.263330	0.251070	0.291298	0.165417	0.240882	0.147051	0.181255	0.228448	0.385002	0.168101	0.221792	0.145256	0.361965	0.479839
0.55	0.142654	0.157683	0.443237	0.216898	0.304237	0.151176	0.206680	0.275404	0.412891	0.201231	0.323718	0.175346	0.193978	0.185153	0.341511	0.162093	0.264473	0.250752	0.287700	0.164827	0.241094	0.147767	0.182847	0.232767	0.386580	0.171783	0.222617	0.143901	0.361543	0.480343
0.60	0.143121	0.158029	0.447102	0.216135	0.307041	0.153639	0.206737	0.278145	0.412499	0.203040	0.322163	0.175729	0.194986	0.186613	0.343629	0.163436	0.262033	0.251327	0.287449	0.166597	0.245634	0.149982	0.185023	0.233107	0.386614	0.169848	0.224614	0.146080	0.363399	0.483591
0.65	0.143830	0.161658	0.443183	0.218339	0.307922	0.156628	0.211157	0.278635	0.416541	0.204697	0.324690	0.180106	0.195547	0.190151	0.342046	0.166108	0.266127	0.256202	0.293551	0.169088	0.246416	0.152097	0.185293	0.232435	0.387970	0.175443	0.224384	0.149393	0.365421	0.482812
0.70	0.148332	0.163542	0.445358	0.221005	0.309009	0.156996	0.212889	0.279360	0.418886	0.205386	0.328843	0.181611	0.198332	0.192167	0.344735	0.164060	0.267648	0.255708	0.297680	0.170950	0.246030	0.155179	0.187339	0.236367	0.389893	0.176503	0.229058	0.148522	0.367167	0.482201
0.75	0.147875	0.165068	0.445401	0.222244	0.312382	0.160263	0.214684	0.282961	0.415180	0.209461	0.330745	0.183245	0.203119	0.195698	0.348561	0.168195	0.270919	0.259372	0.294281	0.174447	0.251528	0.156538	0.191601	0.239653	0.391200	0.179721	0.231553	0.153767	0.364821	0.484361
0.80	0.151465	0.168443	0.450015	0.226091	0.313191	0.163943	0.218366	0.286788	0.420505	0.210015	0.329306	0.187447	0.202992	0.199765	0.350418	0.173199	0.274141	0.263279	0.299416	0.176994	0.251210	0.159326	0.190480	0.242901	0.392823	0.180809	0.232057	0.156941	0.370155	0.481341
0.85	0.154782	0.170085	0.449267	0.232798	0.319339	0.165007	0.223234	0.289320	0.419558	0.214439	0.335712	0.189083	0.207977	0.201000	0.354459	0.175131	0.278220	0.265912	0.306214	0.179589	0.256136	0.163243	0.196261	0.248481	0.393063	0.185263	0.238637	0.157875	0.372647	0.484591
0.90	0.161416	0.176491	0.452361	0.237279	0.323982	0.171677	0.229090	0.296607	0.423268	0.221854	0.340854	0.195830	0.214591	0.208110	0.358636	0.181754	0.283346	0.273721	0.310939	0.186446	0.264524	0.167476	0.200813	0.252906	0.399215	0.192021	0.242204	0.165003	0.378120	0.485112
0.95	0.169307	0.187009	0.452798	0.245402	0.332286	0.181206	0.238659	0.305842	0.428202	0.230588	0.347256	0.206973	0.224684	0.217643	0.365497	0.190433	0.294824	0.283574	0.318368	0.193924	0.272226	0.175117	0.212615	0.263533	0.403786	0.200250	0.250224	0.172864	0.383517	0.483523
